1.328150024414062500e+02 1.180416679382324219e+01
1.328329162597656250e+02 1.181083297729492188e+01
1.328278808593750000e+02 1.178408336639404297e+01
1.328112487792968750e+02 1.181388854980468750e+01
1.328399963378906250e+02 1.181750011444091797e+01
1.328470764160156250e+02 1.180749988555908203e+01
1.328338317871093750e+02 1.177824974060058594e+01
1.328455352783203125e+02 1.181375026702880859e+01
1.328358306884765625e+02 1.177111148834228516e+01
1.328249511718750000e+02 1.176505565643310547e+01
1.328292846679687500e+02 1.183491706848144531e+01
1.328491210937500000e+02 1.183041667938232422e+01
1.328631591796875000e+02 1.178261089324951172e+01
1.328604125976562500e+02 1.182250022888183594e+01
1.328228302001953125e+02 1.175630569458007812e+01
1.328316650390625000e+02 1.175333309173583984e+01
1.328672943115234375e+02 1.182430553436279297e+01
1.328746185302734375e+02 1.178800010681152344e+01
1.328097991943359375e+02 1.175013923645019531e+01
1.328769989013671875e+02 1.181619453430175781e+01
1.328283386230468750e+02 1.185527801513671875e+01
1.328241729736328125e+02 1.174166679382324219e+01
1.328723297119140625e+02 1.175766658782958984e+01
1.327701263427734375e+02 1.176580524444580078e+01
1.328057098388671875e+02 1.186116695404052734e+01
1.328320770263671875e+02 1.186966705322265625e+01
1.328857879638671875e+02 1.184463882446289062e+01
1.329001617431640625e+02 1.177602767944335938e+01
1.328967132568359375e+02 1.184047222137451172e+01
1.328929595947265625e+02 1.185291671752929688e+01
1.328367156982421875e+02 1.189055538177490234e+01
1.327801208496093750e+02 1.188386154174804688e+01
1.329077148437500000e+02 1.184919452667236328e+01
1.326875000000000000e+02 1.176272201538085938e+01
1.328614654541015625e+02 1.193677806854248047e+01
1.326834106445312500e+02 1.171372222900390625e+01
1.327292938232421875e+02 1.194736099243164062e+01
1.329979095458984375e+02 1.191805553436279297e+01
1.328504638671875000e+02 1.202516651153564453e+01
1.330701599121093750e+02 1.180869483947753906e+01
1.328553314208984375e+02 1.204902744293212891e+01
1.328643341064453125e+02 1.212797260284423828e+01
1.326373291015625000e+02 1.213988876342773438e+01
1.328637084960937500e+02 1.219677734375000000e+01
1.325407562255859375e+02 1.151405525207519531e+01
1.327063293457031250e+02 1.228777790069580078e+01
1.332553405761718750e+02 1.213919448852539062e+01
1.330439147949218750e+02 1.229830551147460938e+01
1.327664184570312500e+02 1.234661102294921875e+01
1.334090881347656250e+02 1.181266689300537109e+01
1.324679107666015625e+02 1.226813888549804688e+01
1.322990875244140625e+02 1.147119426727294922e+01
1.325865020751953125e+02 1.123305511474609375e+01
1.333292846679687500e+02 1.216736125946044922e+01
1.334539184570312500e+02 1.173152732849121094e+01
1.326130371093750000e+02 1.118249988555908203e+01
1.323390808105468750e+02 1.132455539703369141e+01
1.321557922363281250e+02 1.196152782440185547e+01
1.325161590576171875e+02 1.245544433593750000e+01
1.326785888671875000e+02 1.255330562591552734e+01
1.335819091796875000e+02 1.154574966430664062e+01
1.334444122314453125e+02 1.230633354187011719e+01
1.320136718750000000e+02 1.161361122131347656e+01
1.321564178466796875e+02 1.131241703033447266e+01
1.336623382568359375e+02 1.155002784729003906e+01
1.337095489501953125e+02 1.184827804565429688e+01
1.337216186523437500e+02 1.170619487762451172e+01
1.321080017089843750e+02 1.241502761840820312e+01
1.321647491455078125e+02 1.254694461822509766e+01
