9.838206481933593750e+01 2.046438598632812500e+01 7.609999924898147583e-02 2.509999871253967285e-01 -1.294999957084655762e+00 1.836100006103515625e+01 1.883270072937011719e+01 1.773789978027343750e+01 0.000000000000000000e+00
9.837727355957031250e+01 2.047804069519042969e+01 2.930999994277954102e-01 6.240000128746032715e-01 -1.557000041007995605e+00 1.855920028686523438e+01 1.907649993896484375e+01 1.780489921569824219e+01 0.000000000000000000e+00
9.837049102783203125e+01 2.047290802001953125e+01 7.549999654293060303e-02 2.999999932944774628e-02 -2.065000057220458984e+00 1.686129951477050781e+01 1.732830047607421875e+01 1.622610092163085938e+01 0.000000000000000000e+00
9.833435821533203125e+01 2.046635437011718750e+01 2.292000055313110352e-01 2.109999954700469971e-01 -1.883999943733215332e+00 1.663349914550781250e+01 1.709230041503906250e+01 1.602630043029785156e+01 0.000000000000000000e+00
9.832481384277343750e+01 2.046086311340332031e+01 2.540999948978424072e-01 7.800000160932540894e-02 -1.294000029563903809e+00 1.707110023498535156e+01 1.750690078735351562e+01 1.647870063781738281e+01 0.000000000000000000e+00
9.836024475097656250e+01 2.048847961425781250e+01 -1.775999963283538818e-01 -1.870000064373016357e-01 -1.575999975204467773e+00 1.889690017700195312e+01 1.962089920043945312e+01 1.813739967346191406e+01 0.000000000000000000e+00
9.826864624023437500e+01 2.046818542480468750e+01 1.577000021934509277e-01 -3.569999933242797852e-01 -1.226999998092651367e+00 1.738540077209472656e+01 1.779649925231933594e+01 1.679140090942382812e+01 0.000000000000000000e+00
9.828298950195312500e+01 2.045983505249023438e+01 1.438000053167343140e-01 1.710000038146972656e-01 -6.449999809265136719e-01 1.618129920959472656e+01 1.684399986267089844e+01 1.539519977569580078e+01 0.000000000000000000e+00
9.828809356689453125e+01 2.047360801696777344e+01 1.063999980688095093e-01 -1.129999980330467224e-01 -1.023000001907348633e+00 1.874799919128417969e+01 1.909569931030273438e+01 1.806529998779296875e+01 0.000000000000000000e+00
9.829793548583984375e+01 2.048136520385742188e+01 2.818000018596649170e-01 -1.499999966472387314e-02 -1.143000006675720215e+00 1.711009979248046875e+01 1.748740005493164062e+01 1.656430053710937500e+01 0.000000000000000000e+00
9.831141662597656250e+01 2.049157905578613281e+01 1.380999982357025146e-01 2.349999994039535522e-01 -1.465000033378601074e+00 1.515849971771240234e+01 1.590410041809082031e+01 1.432159996032714844e+01 0.000000000000000000e+00
9.830683898925781250e+01 2.049522018432617188e+01 2.549999952316284180e-01 -4.950000047683715820e-01 -8.970000147819519043e-01 1.855410003662109375e+01 1.896269989013671875e+01 1.789800071716308594e+01 0.000000000000000000e+00
9.830430603027343750e+01 2.049357795715332031e+01 2.378000020980834961e-01 -1.400000043213367462e-02 -7.770000100135803223e-01 1.899760055541992188e+01 1.944109916687011719e+01 1.830500030517578125e+01 0.000000000000000000e+00
9.829885101318359375e+01 2.048239135742187500e+01 2.980000078678131104e-01 -1.729999929666519165e-01 -1.179999947547912598e+00 1.705839920043945312e+01 1.740769958496093750e+01 1.652549934387207031e+01 0.000000000000000000e+00
9.830440521240234375e+01 2.048318099975585938e+01 2.439000010490417480e-01 2.460000067949295044e-01 -9.829999804496765137e-01 1.922529983520507812e+01 1.978389930725097656e+01 1.838260078430175781e+01 0.000000000000000000e+00
9.831831359863281250e+01 2.048091506958007812e+01 2.096000015735626221e-01 3.889999985694885254e-01 -1.848000049591064453e+00 1.733550071716308594e+01 1.779350090026855469e+01 1.659779930114746094e+01 0.000000000000000000e+00
9.832778167724609375e+01 2.049593925476074219e+01 1.563999950885772705e-01 -4.000000189989805222e-03 -1.350000023841857910e+00 1.697979927062988281e+01 1.734280014038085938e+01 1.643950080871582031e+01 0.000000000000000000e+00
9.831932067871093750e+01 2.050977516174316406e+01 1.398999989032745361e-01 2.399999946355819702e-01 -1.231999993324279785e+00 1.744560050964355469e+01 1.780879974365234375e+01 1.687430000305175781e+01 0.000000000000000000e+00
9.834237670898437500e+01 2.050925254821777344e+01 2.481999993324279785e-01 4.390000104904174805e-01 -1.338999986648559570e+00 1.808250045776367188e+01 1.861540031433105469e+01 1.740270042419433594e+01 0.000000000000000000e+00
9.832514953613281250e+01 2.051313972473144531e+01 5.766999721527099609e-01 1.909999996423721313e-01 -1.113999962806701660e+00 1.879280090332031250e+01 1.933659934997558594e+01 1.809900093078613281e+01 0.000000000000000000e+00
9.832498931884765625e+01 2.049480819702148438e+01 2.137999981641769409e-01 1.949999928474426270e-01 -1.292999982833862305e+00 1.752429962158203125e+01 1.791810035705566406e+01 1.693090057373046875e+01 0.000000000000000000e+00
9.833305358886718750e+01 2.049540138244628906e+01 5.530000105500221252e-02 5.999999865889549255e-02 -1.621999979019165039e+00 1.483469963073730469e+01 1.572589969635009766e+01 1.390779972076416016e+01 0.000000000000000000e+00
9.832753753662109375e+01 2.051316261291503906e+01 2.508000135421752930e-01 -5.370000004768371582e-01 -1.519999980926513672e+00 2.058259963989257812e+01 2.262290000915527344e+01 1.920630073547363281e+01 0.000000000000000000e+00
9.832303619384765625e+01 2.050149726867675781e+01 2.926999926567077637e-01 1.720000058412551880e-01 -1.054000020027160645e+00 1.772200012207031250e+01 1.808659934997558594e+01 1.712739944458007812e+01 0.000000000000000000e+00
9.832395935058593750e+01 2.049866676330566406e+01 -2.099000066518783569e-01 -2.569999992847442627e-01 -1.501000046730041504e+00 1.867589950561523438e+01 1.915699958801269531e+01 1.802350044250488281e+01 0.000000000000000000e+00
9.831667327880859375e+01 2.050481986999511719e+01 2.430000007152557373e-01 7.739999890327453613e-01 -8.050000071525573730e-01 1.494110012054443359e+01 1.519289970397949219e+01 1.450940036773681641e+01 0.000000000000000000e+00
9.832263183593750000e+01 2.051781654357910156e+01 -9.629999846220016479e-02 -1.720000058412551880e-01 -1.401000022888183594e+00 1.705120086669921875e+01 1.741539955139160156e+01 1.651749992370605469e+01 0.000000000000000000e+00
9.833274078369140625e+01 2.049111557006835938e+01 2.689000070095062256e-01 -5.900000035762786865e-02 -1.021000027656555176e+00 1.598419952392578125e+01 1.637290000915527344e+01 1.542179965972900391e+01 0.000000000000000000e+00
9.832472229003906250e+01 2.051801490783691406e+01 2.556999921798706055e-01 -2.099999971687793732e-02 -1.404000043869018555e+00 1.716209983825683594e+01 1.754579925537109375e+01 1.658830070495605469e+01 0.000000000000000000e+00
9.832799530029296875e+01 2.052138137817382812e+01 -1.458999961614608765e-01 4.210000038146972656e-01 -1.419000029563903809e+00 1.881259918212890625e+01 1.923060035705566406e+01 1.812000083923339844e+01 0.000000000000000000e+00
9.831649017333984375e+01 2.049691963195800781e+01 3.282000124454498291e-01 -5.680000185966491699e-01 -1.952000021934509277e+00 1.240470027923583984e+01 1.255539989471435547e+01 1.212370014190673828e+01 0.000000000000000000e+00
9.834578704833984375e+01 2.050485038757324219e+01 1.647000014781951904e-01 -7.800000160932540894e-02 -1.496000051498413086e+00 1.792189979553222656e+01 1.834329986572265625e+01 1.733639907836914062e+01 0.000000000000000000e+00
9.829753875732421875e+01 2.050507926940917969e+01 -1.164999976754188538e-01 -1.260000020265579224e-01 -9.559999704360961914e-01 1.899629974365234375e+01 1.934370040893554688e+01 1.824090003967285156e+01 0.000000000000000000e+00
9.828519439697265625e+01 2.049441909790039062e+01 3.905999958515167236e-01 4.100000113248825073e-02 -3.400000035762786865e-01 1.896310043334960938e+01 1.948660087585449219e+01 1.822990036010742188e+01 0.000000000000000000e+00
9.828148651123046875e+01 2.051894569396972656e+01 -3.800000064074993134e-03 -2.300000041723251343e-01 -8.709999918937683105e-01 1.872620010375976562e+01 1.914259910583496094e+01 1.804330062866210938e+01 0.000000000000000000e+00
9.830271148681640625e+01 2.050238800048828125e+01 4.095999896526336670e-01 -2.730000019073486328e-01 -1.149000048637390137e+00 1.727619934082031250e+01 1.763750076293945312e+01 1.673450088500976562e+01 0.000000000000000000e+00
9.829439544677734375e+01 2.049603271484375000e+01 3.646000027656555176e-01 1.080000028014183044e-01 -1.611999988555908203e+00 1.677169990539550781e+01 1.679100036621093750e+01 1.572080039978027344e+01 0.000000000000000000e+00
9.831914520263671875e+01 2.052773857116699219e+01 1.700000017881393433e-01 -1.539999991655349731e-01 -1.261000037193298340e+00 1.640010070800781250e+01 1.674119949340820312e+01 1.587679958343505859e+01 0.000000000000000000e+00
9.831030273437500000e+01 2.050864601135253906e+01 2.190999984741210938e-01 -3.599999845027923584e-02 -1.195999979972839355e+00 1.632589912414550781e+01 1.673509979248046875e+01 1.574400043487548828e+01 0.000000000000000000e+00
9.831341552734375000e+01 2.053494453430175781e+01 1.208999976515769958e-01 -1.400000043213367462e-02 -1.258000016212463379e+00 1.456519985198974609e+01 1.527320003509521484e+01 1.375209999084472656e+01 0.000000000000000000e+00
9.830644989013671875e+01 2.053085136413574219e+01 1.543000042438507080e-01 2.500000037252902985e-02 -1.531000018119812012e+00 1.602470016479492188e+01 1.639030075073242188e+01 1.547089958190917969e+01 0.000000000000000000e+00
9.831392669677734375e+01 2.052346229553222656e+01 -8.229999989271163940e-02 -2.549999952316284180e-01 -1.488999962806701660e+00 1.591819953918457031e+01 1.623629951477050781e+01 1.541959953308105469e+01 0.000000000000000000e+00
9.830770874023437500e+01 2.052420997619628906e+01 2.182999998331069946e-01 -1.560000032186508179e-01 -1.258999943733215332e+00 1.638520050048828125e+01 1.676350021362304688e+01 1.581229972839355469e+01 0.000000000000000000e+00
9.831324768066406250e+01 2.053041648864746094e+01 -1.263999938964843750e-01 -4.110000133514404297e-01 -1.088000059127807617e+00 1.658909988403320312e+01 1.695100021362304688e+01 1.604859924316406250e+01 0.000000000000000000e+00
9.831038665771484375e+01 2.053525924682617188e+01 1.860000044107437134e-01 -7.999999821186065674e-02 -1.139000058174133301e+00 1.569509983062744141e+01 1.607950019836425781e+01 1.514109992980957031e+01 0.000000000000000000e+00
9.831822204589843750e+01 2.052683639526367188e+01 7.159999758005142212e-02 -2.029999941587448120e-01 -1.353000044822692871e+00 1.725679969787597656e+01 1.759199905395507812e+01 1.669499969482421875e+01 0.000000000000000000e+00
9.830190277099609375e+01 2.053635597229003906e+01 -2.930000051856040955e-02 2.500000000000000000e-01 -1.273000001907348633e+00 1.872179985046386719e+01 1.899320030212402344e+01 1.810440063476562500e+01 0.000000000000000000e+00
9.831645965576171875e+01 2.051780128479003906e+01 1.098999977111816406e-01 -1.899999938905239105e-02 -1.365000009536743164e+00 1.452299976348876953e+01 1.528390026092529297e+01 1.368050003051757812e+01 0.000000000000000000e+00
9.830381011962890625e+01 2.052092742919921875e+01 1.662999987602233887e-01 -1.319999992847442627e-01 -1.299999952316284180e+00 1.699469947814941406e+01 1.738540077209472656e+01 1.641139984130859375e+01 0.000000000000000000e+00
9.829467773437500000e+01 2.052854347229003906e+01 5.072000026702880859e-01 2.739999890327453613e-01 -1.700999975204467773e+00 1.706480026245117188e+01 1.745389938354492188e+01 1.645499992370605469e+01 0.000000000000000000e+00
9.830538940429687500e+01 2.051605033874511719e+01 2.587000131607055664e-01 7.630000114440917969e-01 -1.465999960899353027e+00 1.749329948425292969e+01 1.790810012817382812e+01 1.689249992370605469e+01 0.000000000000000000e+00
9.830499267578125000e+01 2.051870918273925781e+01 3.249999880790710449e-01 -2.119999974966049194e-01 -1.342000007629394531e+00 1.694479942321777344e+01 1.733620071411132812e+01 1.638089942932128906e+01 0.000000000000000000e+00
9.830892181396484375e+01 2.052040481567382812e+01 2.522000074386596680e-01 4.999999888241291046e-03 -1.008999943733215332e+00 1.703190040588378906e+01 1.737470054626464844e+01 1.650679969787597656e+01 0.000000000000000000e+00
9.831003570556640625e+01 2.051711654663085938e+01 5.339999869465827942e-02 -6.400000303983688354e-02 -1.725999951362609863e+00 1.726499938964843750e+01 1.763599967956542969e+01 1.671890068054199219e+01 0.000000000000000000e+00
9.830922698974609375e+01 2.051874923706054688e+01 2.822999954223632812e-01 2.060000002384185791e-01 -2.980000078678131104e-01 1.575920009613037109e+01 1.623270034790039062e+01 1.512590026855468750e+01 0.000000000000000000e+00
9.831091308593750000e+01 2.052527427673339844e+01 2.838999927043914795e-01 4.889999926090240479e-01 -1.024999976158142090e+00 1.775989913940429688e+01 1.815780067443847656e+01 1.717329978942871094e+01 0.000000000000000000e+00
9.831748199462890625e+01 2.052263450622558594e+01 2.110999971628189087e-01 -1.659999936819076538e-01 -1.182000041007995605e+00 1.870490074157714844e+01 1.923789978027343750e+01 1.801269912719726562e+01 0.000000000000000000e+00
9.832010650634765625e+01 2.052773094177246094e+01 2.309000045061111450e-01 -4.500000178813934326e-02 -1.452999949455261230e+00 1.636650085449218750e+01 1.672380065917968750e+01 1.581989955902099609e+01 0.000000000000000000e+00
9.829628753662109375e+01 2.052239227294921875e+01 1.735000014305114746e-01 1.650000065565109253e-01 -1.353999972343444824e+00 1.400349998474121094e+01 1.462660026550292969e+01 1.325430011749267578e+01 0.000000000000000000e+00
9.829851531982421875e+01 2.053041648864746094e+01 1.988999992609024048e-01 -1.449999958276748657e-01 -1.218000054359436035e+00 1.631990051269531250e+01 1.662430000305175781e+01 1.582619953155517578e+01 0.000000000000000000e+00
9.832168579101562500e+01 2.052604103088378906e+01 4.839000105857849121e-01 6.409999728202819824e-01 -1.564000010490417480e+00 1.907239913940429688e+01 1.952840042114257812e+01 1.833020019531250000e+01 0.000000000000000000e+00
9.832109069824218750e+01 2.052413368225097656e+01 3.842999935150146484e-01 3.000000119209289551e-01 -8.569999933242797852e-01 1.835379981994628906e+01 1.884950065612792969e+01 1.766650009155273438e+01 0.000000000000000000e+00
9.830403137207031250e+01 2.053115272521972656e+01 4.399999976158142090e-03 -1.770000010728836060e-01 -1.317999958992004395e+00 1.603089904785156250e+01 1.641979980468750000e+01 1.546150016784667969e+01 0.000000000000000000e+00
9.830692291259765625e+01 2.052399444580078125e+01 1.220000013709068298e-01 4.729999899864196777e-01 -1.835999965667724609e+00 1.869179916381835938e+01 1.899309921264648438e+01 1.791399955749511719e+01 0.000000000000000000e+00
9.831019592285156250e+01 2.053320312500000000e+01 2.364999949932098389e-01 -8.100000023841857910e-02 -1.569000005722045898e+00 1.737949943542480469e+01 1.771479988098144531e+01 1.684269905090332031e+01 0.000000000000000000e+00
9.831094360351562500e+01 2.052843666076660156e+01 1.899999976158142090e-01 4.699999839067459106e-02 -1.261999964714050293e+00 1.564970016479492188e+01 1.601110076904296875e+01 1.511660003662109375e+01 0.000000000000000000e+00
9.823361206054687500e+01 2.052287292480468750e+01 -4.600000008940696716e-02 -1.930000036954879761e-01 -1.253999948501586914e+00 1.625460052490234375e+01 1.660059928894042969e+01 1.573719978332519531e+01 0.000000000000000000e+00
9.826560211181640625e+01 2.053846549987792969e+01 6.449999660253524780e-02 -3.750000000000000000e-01 -1.462000012397766113e+00 1.890379905700683594e+01 1.939349937438964844e+01 1.816390037536621094e+01 0.000000000000000000e+00
9.826530456542968750e+01 2.051539993286132812e+01 1.616999953985214233e-01 -3.400000184774398804e-02 -1.360999941825866699e+00 1.526990032196044922e+01 1.594410037994384766e+01 1.446949958801269531e+01 0.000000000000000000e+00
9.826561737060546875e+01 2.051073646545410156e+01 3.500000014901161194e-02 -3.310000002384185791e-01 -1.258000016212463379e+00 1.628450012207031250e+01 1.670269966125488281e+01 1.568379974365234375e+01 0.000000000000000000e+00
9.825083923339843750e+01 2.052890014648437500e+01 1.340000033378601074e-01 -5.200000107288360596e-02 -1.302999973297119141e+00 1.426299953460693359e+01 1.501119995117187500e+01 1.342749977111816406e+01 0.000000000000000000e+00
9.826274108886718750e+01 2.053634834289550781e+01 -1.185000017285346985e-01 1.129999980330467224e-01 -1.442000031471252441e+00 1.841570091247558594e+01 1.886240005493164062e+01 1.779199981689453125e+01 0.000000000000000000e+00
9.829304504394531250e+01 2.054782485961914062e+01 4.063000082969665527e-01 2.890000045299530029e-01 -1.559999942779541016e+00 1.775589942932128906e+01 1.818799972534179688e+01 1.711809921264648438e+01 0.000000000000000000e+00
9.828961181640625000e+01 2.054158973693847656e+01 3.091999888420104980e-01 -9.799999743700027466e-02 -6.449999809265136719e-01 1.810960006713867188e+01 1.851300048828125000e+01 1.750799942016601562e+01 0.000000000000000000e+00
9.830387878417968750e+01 2.054284095764160156e+01 3.788999915122985840e-01 1.669999957084655762e-01 -1.210999965667724609e+00 1.728470039367675781e+01 1.760199928283691406e+01 1.674020004272460938e+01 0.000000000000000000e+00
9.826898193359375000e+01 2.054141426086425781e+01 1.200000056996941566e-03 -7.900000363588333130e-02 -1.378999948501586914e+00 1.718849945068359375e+01 1.749880027770996094e+01 1.668300056457519531e+01 0.000000000000000000e+00
9.829548645019531250e+01 2.054616737365722656e+01 1.270000040531158447e-01 -3.490000069141387939e-01 -1.508999943733215332e+00 1.848340034484863281e+01 1.897010040283203125e+01 1.775519943237304688e+01 0.000000000000000000e+00
9.828780364990234375e+01 2.054654884338378906e+01 3.542999923229217529e-01 4.950000047683715820e-01 -8.080000281333923340e-01 1.924150085449218750e+01 1.969589996337890625e+01 1.849769973754882812e+01 0.000000000000000000e+00
9.827973937988281250e+01 2.055401229858398438e+01 3.156000077724456787e-01 3.630000054836273193e-01 -1.406999945640563965e+00 1.881049919128417969e+01 1.930080032348632812e+01 1.816340065002441406e+01 0.000000000000000000e+00
9.828905487060546875e+01 2.053726577758789062e+01 4.083000123500823975e-01 1.299999952316284180e-01 -9.480000138282775879e-01 1.851939964294433594e+01 1.899370002746582031e+01 1.782150077819824219e+01 0.000000000000000000e+00
9.829790496826171875e+01 2.054263114929199219e+01 1.300000003539025784e-03 4.800000041723251343e-02 -1.687000036239624023e+00 1.781730079650878906e+01 1.826880073547363281e+01 1.718230056762695312e+01 0.000000000000000000e+00
9.827998352050781250e+01 2.053296470642089844e+01 2.804000079631805420e-01 1.030000001192092896e-01 -5.059999823570251465e-01 1.631410026550292969e+01 1.661750030517578125e+01 1.572329998016357422e+01 0.000000000000000000e+00
9.829484558105468750e+01 2.054875755310058594e+01 -8.799999952316284180e-03 3.540000021457672119e-01 -1.470999956130981445e+00 1.784560012817382812e+01 1.824970054626464844e+01 1.721010017395019531e+01 0.000000000000000000e+00
9.829052734375000000e+01 2.053180122375488281e+01 5.830000042915344238e-01 1.689999997615814209e-01 -1.251999974250793457e+00 1.807880020141601562e+01 1.852949905395507812e+01 1.746800041198730469e+01 0.000000000000000000e+00
9.828914642333984375e+01 2.053527069091796875e+01 1.329999975860118866e-02 -1.070000007748603821e-01 -1.294000029563903809e+00 1.619239997863769531e+01 1.657329940795898438e+01 1.562629985809326172e+01 0.000000000000000000e+00
9.828042602539062500e+01 2.054473304748535156e+01 1.001000031828880310e-01 -1.270000040531158447e-01 -1.208999991416931152e+00 1.489290046691894531e+01 1.556729984283447266e+01 1.410210037231445312e+01 0.000000000000000000e+00
9.829151153564453125e+01 2.053689765930175781e+01 1.202000007033348083e-01 -3.779999911785125732e-01 -1.335999965667724609e+00 1.649650001525878906e+01 1.683569908142089844e+01 1.598849964141845703e+01 0.000000000000000000e+00
9.824645233154296875e+01 2.055859375000000000e+01 -1.583999991416931152e-01 -1.999999955296516418e-02 -1.485000014305114746e+00 1.735180091857910156e+01 1.767959976196289062e+01 1.669470024108886719e+01 0.000000000000000000e+00
9.839323425292968750e+01 2.049877548217773438e+01 3.061999976634979248e-01 1.669999957084655762e-01 -1.333999991416931152e+00 1.867819976806640625e+01 1.908880043029785156e+01 1.795669937133789062e+01 0.000000000000000000e+00
9.836650085449218750e+01 2.051321601867675781e+01 1.155000030994415283e-01 2.700000070035457611e-02 -1.547999978065490723e+00 1.714529991149902344e+01 1.754400062561035156e+01 1.658639907836914062e+01 0.000000000000000000e+00
9.837561035156250000e+01 2.050731086730957031e+01 -7.519999891519546509e-02 -4.880000054836273193e-01 -1.644999980926513672e+00 1.965660095214843750e+01 2.029739952087402344e+01 1.878210067749023438e+01 0.000000000000000000e+00
9.835625457763671875e+01 2.050745964050292969e+01 4.859999939799308777e-02 -1.949999928474426270e-01 -1.699000000953674316e+00 1.688450050354003906e+01 1.724769973754882812e+01 1.632659912109375000e+01 0.000000000000000000e+00
9.836379241943359375e+01 2.049046134948730469e+01 1.736000031232833862e-01 1.850000023841857910e-01 -1.603000044822692871e+00 1.775329971313476562e+01 1.819389915466308594e+01 1.714329910278320312e+01 0.000000000000000000e+00
9.839445495605468750e+01 2.051869392395019531e+01 1.189000010490417480e-01 -1.140000000596046448e-01 -9.769999980926513672e-01 1.850219917297363281e+01 1.900289916992187500e+01 1.786240005493164062e+01 0.000000000000000000e+00
9.840783691406250000e+01 2.054845809936523438e+01 1.993999928236007690e-01 -4.000000189989805222e-03 -1.409000039100646973e+00 1.740320014953613281e+01 1.777890014648437500e+01 1.686890029907226562e+01 0.000000000000000000e+00
9.836763000488281250e+01 2.052103996276855469e+01 1.904000043869018555e-01 -4.149999916553497314e-01 -1.371999979019165039e+00 1.539480018615722656e+01 1.558510017395019531e+01 1.506110000610351562e+01 0.000000000000000000e+00
9.834583282470703125e+01 2.051373672485351562e+01 -2.152000069618225098e-01 2.600000053644180298e-02 -9.739999771118164062e-01 1.878490066528320312e+01 1.917530059814453125e+01 1.808320045471191406e+01 0.000000000000000000e+00
9.835370635986328125e+01 2.050725746154785156e+01 2.020999938249588013e-01 7.630000114440917969e-01 -9.860000014305114746e-01 1.849349975585937500e+01 1.889579963684082031e+01 1.786429977416992188e+01 0.000000000000000000e+00
9.836998748779296875e+01 2.052237319946289062e+01 2.480999976396560669e-01 -3.190000057220458984e-01 -9.589999914169311523e-01 1.489589977264404297e+01 1.504769992828369141e+01 1.458699989318847656e+01 0.000000000000000000e+00
9.835143280029296875e+01 2.051349639892578125e+01 2.913999855518341064e-01 5.989999771118164062e-01 -1.447999954223632812e+00 2.049620056152343750e+01 2.086350059509277344e+01 1.962509918212890625e+01 0.000000000000000000e+00
9.833510589599609375e+01 2.052807998657226562e+01 2.779999971389770508e-01 -8.000000379979610443e-03 -1.343000054359436035e+00 1.664150047302246094e+01 1.701140022277832031e+01 1.608139991760253906e+01 0.000000000000000000e+00
9.834878540039062500e+01 2.050973129272460938e+01 -7.169999927282333374e-02 -3.170000016689300537e-01 -1.414000034332275391e+00 1.680999946594238281e+01 1.718429946899414062e+01 1.626479911804199219e+01 0.000000000000000000e+00
9.834683990478515625e+01 2.051471328735351562e+01 1.740000024437904358e-02 1.469999998807907104e-01 -1.110000014305114746e+00 1.742340087890625000e+01 1.781069946289062500e+01 1.684830093383789062e+01 0.000000000000000000e+00
9.833389282226562500e+01 2.052165222167968750e+01 1.462000012397766113e-01 -1.979999989271163940e-01 -1.261999964714050293e+00 1.501379966735839844e+01 1.568459987640380859e+01 1.422579956054687500e+01 0.000000000000000000e+00
9.835609436035156250e+01 2.052235221862792969e+01 2.216999977827072144e-01 2.509999871253967285e-01 -1.090999960899353027e+00 1.842379951477050781e+01 1.892670059204101562e+01 1.778079986572265625e+01 0.000000000000000000e+00
9.834406280517578125e+01 2.052130889892578125e+01 -1.081999987363815308e-01 -1.000000014901161194e-01 -1.305999994277954102e+00 1.871470069885253906e+01 1.917189979553222656e+01 1.807539939880371094e+01 0.000000000000000000e+00
9.835739135742187500e+01 2.051424026489257812e+01 1.300999969244003296e-01 7.419999837875366211e-01 -1.450999975204467773e+00 1.888719940185546875e+01 1.938969993591308594e+01 1.823180007934570312e+01 0.000000000000000000e+00
9.835841369628906250e+01 2.052917671203613281e+01 1.283999979496002197e-01 4.899999871850013733e-02 -1.455999970436096191e+00 1.735759925842285156e+01 1.776799964904785156e+01 1.679170036315917969e+01 0.000000000000000000e+00
9.834384918212890625e+01 2.052543830871582031e+01 3.734000027179718018e-01 1.879999935626983643e-01 -1.557999968528747559e+00 1.700410079956054688e+01 1.737599945068359375e+01 1.645789909362792969e+01 0.000000000000000000e+00
9.834938049316406250e+01 2.050520706176757812e+01 1.985000073909759521e-01 -1.150000020861625671e-01 -1.149999976158142090e+00 1.724309921264648438e+01 1.759189987182617188e+01 1.662310028076171875e+01 0.000000000000000000e+00
9.834068298339843750e+01 2.051868247985839844e+01 -2.649999856948852539e-01 -3.079999983310699463e-01 -1.169999957084655762e+00 1.793169975280761719e+01 1.837809944152832031e+01 1.733460044860839844e+01 0.000000000000000000e+00
9.836943054199218750e+01 2.053973007202148438e+01 1.989999972283840179e-02 4.869999885559082031e-01 -9.950000047683715820e-01 1.955579948425292969e+01 1.994210052490234375e+01 1.885449981689453125e+01 0.000000000000000000e+00
9.835586547851562500e+01 2.054209136962890625e+01 2.225999981164932251e-01 3.109999895095825195e-01 -7.009999752044677734e-01 1.795420074462890625e+01 1.838500022888183594e+01 1.730120086669921875e+01 0.000000000000000000e+00
9.836291503906250000e+01 2.054068565368652344e+01 5.900000035762786865e-02 -1.270000040531158447e-01 -1.264999985694885254e+00 1.766480064392089844e+01 1.806690025329589844e+01 1.709679985046386719e+01 0.000000000000000000e+00
9.835919189453125000e+01 2.054732131958007812e+01 2.419999986886978149e-02 -6.800000369548797607e-02 -1.429999947547912598e+00 1.822680091857910156e+01 1.863940048217773438e+01 1.761210060119628906e+01 0.000000000000000000e+00
9.836636352539062500e+01 2.055401611328125000e+01 3.614999949932098389e-01 -1.140000000596046448e-01 -1.444000005722045898e+00 1.909420013427734375e+01 1.981940078735351562e+01 1.833009910583496094e+01 0.000000000000000000e+00
9.836428070068359375e+01 2.053039360046386719e+01 4.009999930858612061e-01 -4.569999873638153076e-01 -1.514000058174133301e+00 1.855590057373046875e+01 1.909390068054199219e+01 1.777980041503906250e+01 0.000000000000000000e+00
9.836991882324218750e+01 2.053448677062988281e+01 2.407999932765960693e-01 -6.199999898672103882e-02 -9.900000095367431641e-01 1.777449989318847656e+01 1.832690048217773438e+01 1.703350067138671875e+01 0.000000000000000000e+00
9.832149505615234375e+01 2.053436851501464844e+01 2.935999929904937744e-01 -6.599999964237213135e-02 -1.751999974250793457e+00 1.811680030822753906e+01 1.841189956665039062e+01 1.739769935607910156e+01 0.000000000000000000e+00
9.832035064697265625e+01 2.053935241699218750e+01 1.463000029325485229e-01 -8.699999749660491943e-02 -1.312999963760375977e+00 1.684679985046386719e+01 1.722279930114746094e+01 1.629039955139160156e+01 0.000000000000000000e+00
9.832302093505859375e+01 2.055339431762695312e+01 5.869999900460243225e-02 2.199999988079071045e-02 -1.409000039100646973e+00 1.736210060119628906e+01 1.772150039672851562e+01 1.682049942016601562e+01 0.000000000000000000e+00
9.832789611816406250e+01 2.053894424438476562e+01 1.594000011682510376e-01 -1.030000001192092896e-01 -1.241000056266784668e+00 1.648550033569335938e+01 1.684930038452148438e+01 1.591829967498779297e+01 0.000000000000000000e+00
9.834279632568359375e+01 2.054773902893066406e+01 1.177000030875205994e-01 -7.200000286102294922e-01 -1.386000037193298340e+00 1.442910003662109375e+01 1.511590003967285156e+01 1.363519954681396484e+01 0.000000000000000000e+00
9.831906127929687500e+01 2.054702377319335938e+01 2.874999940395355225e-01 -3.510000109672546387e-01 -1.402999997138977051e+00 1.725709915161132812e+01 1.759900093078613281e+01 1.671829986572265625e+01 0.000000000000000000e+00
9.831839752197265625e+01 2.054198646545410156e+01 2.596000134944915771e-01 1.030000001192092896e-01 -1.294999957084655762e+00 1.634420013427734375e+01 1.672360038757324219e+01 1.580669975280761719e+01 0.000000000000000000e+00
9.832659149169921875e+01 2.053518486022949219e+01 1.776999980211257935e-01 -1.190000027418136597e-01 -1.269000053405761719e+00 1.490250015258789062e+01 1.556869983673095703e+01 1.411960029602050781e+01 0.000000000000000000e+00
9.831137084960937500e+01 2.054566574096679688e+01 3.515999913215637207e-01 1.720000058412551880e-01 -1.213999986648559570e+00 1.728129959106445312e+01 1.763360023498535156e+01 1.675530052185058594e+01 0.000000000000000000e+00
9.831504821777343750e+01 2.053866386413574219e+01 3.352999985218048096e-01 -2.400000020861625671e-02 -1.333999991416931152e+00 1.779100036621093750e+01 1.821879959106445312e+01 1.716869926452636719e+01 0.000000000000000000e+00
9.831190490722656250e+01 2.054316329956054688e+01 1.155000030994415283e-01 6.199999898672103882e-02 -1.279000043869018555e+00 1.548970031738281250e+01 1.582670021057128906e+01 1.494250011444091797e+01 0.000000000000000000e+00
9.831661987304687500e+01 2.053487586975097656e+01 2.245000004768371582e-01 -5.999999865889549255e-02 -1.358999967575073242e+00 1.665060043334960938e+01 1.700300025939941406e+01 1.612899971008300781e+01 0.000000000000000000e+00
9.832100677490234375e+01 2.053509140014648438e+01 1.444000005722045898e-01 6.499999761581420898e-02 -1.460999965667724609e+00 1.586369991302490234e+01 1.620429992675781250e+01 1.534759998321533203e+01 0.000000000000000000e+00
9.832299804687500000e+01 2.053588485717773438e+01 6.870000064373016357e-02 -7.500000298023223877e-02 -2.224999904632568359e+00 1.942189979553222656e+01 1.990489959716796875e+01 1.865539932250976562e+01 0.000000000000000000e+00
9.832929992675781250e+01 2.054735565185546875e+01 6.669999659061431885e-02 -2.489999979734420776e-01 -1.248000025749206543e+00 1.720030021667480469e+01 1.758530044555664062e+01 1.662779998779296875e+01 0.000000000000000000e+00
9.831417083740234375e+01 2.054699134826660156e+01 1.775999963283538818e-01 -9.000000357627868652e-02 -1.363999962806701660e+00 1.736910057067871094e+01 1.771669960021972656e+01 1.682999992370605469e+01 0.000000000000000000e+00
9.831691741943359375e+01 2.055191421508789062e+01 1.194999963045120239e-01 -4.499999880790710449e-01 -7.850000262260437012e-01 1.942729949951171875e+01 1.973769950866699219e+01 1.868330001831054688e+01 0.000000000000000000e+00
9.831636047363281250e+01 2.054117012023925781e+01 9.109999984502792358e-02 -1.729999929666519165e-01 -1.419999957084655762e+00 1.685939979553222656e+01 1.719610023498535156e+01 1.634880065917968750e+01 0.000000000000000000e+00
9.831204223632812500e+01 2.054080963134765625e+01 -1.953999996185302734e-01 2.759999930858612061e-01 -1.159000039100646973e+00 1.893650054931640625e+01 1.938809967041015625e+01 1.825230026245117188e+01 0.000000000000000000e+00
9.830958557128906250e+01 2.054292297363281250e+01 -5.409999936819076538e-02 -2.549999952316284180e-01 -1.199000000953674316e+00 1.699909973144531250e+01 1.731329917907714844e+01 1.649290084838867188e+01 0.000000000000000000e+00
9.833386993408203125e+01 2.055330085754394531e+01 1.011999994516372681e-01 -1.300000026822090149e-02 -1.500000000000000000e+00 1.711420059204101562e+01 1.744039916992187500e+01 1.659919929504394531e+01 0.000000000000000000e+00
9.832141876220703125e+01 2.055513763427734375e+01 -9.489999711513519287e-02 -4.090000092983245850e-01 -1.315000057220458984e+00 1.808049964904785156e+01 1.849810028076171875e+01 1.741220092773437500e+01 0.000000000000000000e+00
9.832519531250000000e+01 2.055937957763671875e+01 1.356000006198883057e-01 -1.000000047497451305e-03 -1.297000050544738770e+00 1.698419952392578125e+01 1.731889915466308594e+01 1.643280029296875000e+01 0.000000000000000000e+00
9.832467651367187500e+01 2.052643966674804688e+01 3.045000135898590088e-01 4.510000050067901611e-01 -1.401999950408935547e+00 1.705330085754394531e+01 1.743059921264648438e+01 1.652470016479492188e+01 0.000000000000000000e+00
9.833177185058593750e+01 2.052964973449707031e+01 1.580000072717666626e-01 -2.150000035762786865e-01 -1.470000028610229492e+00 1.652219963073730469e+01 1.688439941406250000e+01 1.597000026702880859e+01 0.000000000000000000e+00
9.833012390136718750e+01 2.052626037597656250e+01 9.210000187158584595e-02 -6.400000303983688354e-02 -1.347000002861022949e+00 1.443920040130615234e+01 1.519449996948242188e+01 1.360109996795654297e+01 0.000000000000000000e+00
9.831555175781250000e+01 2.053941917419433594e+01 1.976999938488006592e-01 -1.280000060796737671e-01 -1.457999944686889648e+00 1.789649963378906250e+01 1.836260032653808594e+01 1.725379943847656250e+01 0.000000000000000000e+00
9.832662963867187500e+01 2.055877685546875000e+01 1.255999952554702759e-01 -6.000000052154064178e-03 -1.320999979972839355e+00 1.469270038604736328e+01 1.537390041351318359e+01 1.389710044860839844e+01 0.000000000000000000e+00
9.831703186035156250e+01 2.053709030151367188e+01 2.057999968528747559e-01 6.769999861717224121e-01 -1.113999962806701660e+00 1.875989913940429688e+01 1.929500007629394531e+01 1.801079940795898438e+01 0.000000000000000000e+00
9.832083129882812500e+01 2.053989219665527344e+01 4.820000007748603821e-02 -6.119999885559082031e-01 -1.587000012397766113e+00 1.950709915161132812e+01 1.997470092773437500e+01 1.877050018310546875e+01 0.000000000000000000e+00
9.831717681884765625e+01 2.054220581054687500e+01 7.090000063180923462e-02 -2.999999932944774628e-02 -1.810999989509582520e+00 1.867539978027343750e+01 1.903770065307617188e+01 1.799489974975585938e+01 0.000000000000000000e+00
9.832751464843750000e+01 2.054521179199218750e+01 1.039000004529953003e-01 -2.179999947547912598e-01 -1.468000054359436035e+00 1.659700012207031250e+01 1.697159957885742188e+01 1.605690002441406250e+01 0.000000000000000000e+00
9.832348632812500000e+01 2.053766441345214844e+01 1.887000054121017456e-01 -5.600000172853469849e-02 -1.195999979972839355e+00 1.574629974365234375e+01 1.640539932250976562e+01 1.496840000152587891e+01 0.000000000000000000e+00
9.836704254150390625e+01 2.056044960021972656e+01 1.670999974012374878e-01 -3.599999845027923584e-02 -1.253000020980834961e+00 1.707780075073242188e+01 1.767429924011230469e+01 1.629459953308105469e+01 0.000000000000000000e+00
9.834433746337890625e+01 2.055821990966796875e+01 2.055999934673309326e-01 -3.299999982118606567e-02 -1.582000017166137695e+00 1.313589954376220703e+01 1.323349952697753906e+01 1.290270042419433594e+01 0.000000000000000000e+00
9.835521697998046875e+01 2.057436370849609375e+01 2.495000064373016357e-01 4.699999839067459106e-02 -1.613000035285949707e+00 1.562450027465820312e+01 1.585830020904541016e+01 1.522410011291503906e+01 0.000000000000000000e+00
9.835775756835937500e+01 2.057242774963378906e+01 1.479000002145767212e-01 2.210000008344650269e-01 -1.692000031471252441e+00 1.552919960021972656e+01 1.575850009918212891e+01 1.513780021667480469e+01 0.000000000000000000e+00
9.836403656005859375e+01 2.056192970275878906e+01 2.655999958515167236e-01 -2.380000054836273193e-01 -1.725999951362609863e+00 1.673520088195800781e+01 1.707209968566894531e+01 1.621400070190429688e+01 0.000000000000000000e+00
9.839409637451171875e+01 2.056296348571777344e+01 2.811000049114227295e-01 2.300000004470348358e-02 -1.347000002861022949e+00 1.772050094604492188e+01 1.808119964599609375e+01 1.716539955139160156e+01 0.000000000000000000e+00
9.840804290771484375e+01 2.058858871459960938e+01 -2.280000038444995880e-02 -1.300000026822090149e-02 -1.384999990463256836e+00 1.763409996032714844e+01 1.800379943847656250e+01 1.707609939575195312e+01 0.000000000000000000e+00
9.838260650634765625e+01 2.057402801513671875e+01 1.280000060796737671e-01 5.900000035762786865e-02 -1.327000021934509277e+00 1.260219955444335938e+01 1.354529953002929688e+01 1.166250038146972656e+01 0.000000000000000000e+00
9.836009216308593750e+01 2.059127426147460938e+01 3.431000113487243652e-01 -1.999999955296516418e-02 -1.179000020027160645e+00 1.664310073852539062e+01 1.699180030822753906e+01 1.608530044555664062e+01 0.000000000000000000e+00
9.837873077392578125e+01 2.057137298583984375e+01 1.609999984502792358e-01 8.000000379979610443e-03 -1.717000007629394531e+00 1.798999977111816406e+01 1.831419944763183594e+01 1.732279968261718750e+01 0.000000000000000000e+00
9.837064361572265625e+01 2.060157203674316406e+01 8.240000158548355103e-02 -3.529999852180480957e-01 -1.307999968528747559e+00 1.826989936828613281e+01 1.863400077819824219e+01 1.763929939270019531e+01 0.000000000000000000e+00
9.836335754394531250e+01 2.058770179748535156e+01 2.243999987840652466e-01 -6.100000068545341492e-02 -9.359999895095825195e-01 1.758639907836914062e+01 1.797730064392089844e+01 1.698550033569335938e+01 0.000000000000000000e+00
9.836045074462890625e+01 2.057623481750488281e+01 1.330000013113021851e-01 -4.100000113248825073e-02 -1.521000027656555176e+00 1.672730064392089844e+01 1.708079910278320312e+01 1.620719909667968750e+01 0.000000000000000000e+00
9.835369873046875000e+01 2.057947731018066406e+01 1.853999942541122437e-01 -5.320000052452087402e-01 -1.391000032424926758e+00 1.752190017700195312e+01 1.796470069885253906e+01 1.689150047302246094e+01 0.000000000000000000e+00
9.838919067382812500e+01 2.059561347961425781e+01 2.831999957561492920e-01 1.040000021457672119e-01 -1.457999944686889648e+00 1.693090057373046875e+01 1.729560089111328125e+01 1.638850021362304688e+01 0.000000000000000000e+00
9.830947875976562500e+01 2.054880142211914062e+01 7.720000296831130981e-02 -3.900000080466270447e-02 -1.151999950408935547e+00 1.647809982299804688e+01 1.686149978637695312e+01 1.591569995880126953e+01 0.000000000000000000e+00
9.829496765136718750e+01 2.057154464721679688e+01 3.801999986171722412e-01 -2.639999985694885254e-01 -1.493999958038330078e+00 1.736569976806640625e+01 1.775370025634765625e+01 1.683499908447265625e+01 0.000000000000000000e+00
9.830233764648437500e+01 2.057235145568847656e+01 1.625999957323074341e-01 -8.009999990463256836e-01 -1.156000018119812012e+00 1.543159961700439453e+01 1.565390014648437500e+01 1.503740024566650391e+01 0.000000000000000000e+00
9.831443023681640625e+01 2.056394958496093750e+01 8.209999650716781616e-02 -6.240000128746032715e-01 -1.161000013351440430e+00 1.671820068359375000e+01 1.706250000000000000e+01 1.619750022888183594e+01 0.000000000000000000e+00
9.830522918701171875e+01 2.054417228698730469e+01 1.389999985694885254e-01 -1.979999989271163940e-01 -1.302000045776367188e+00 1.556639957427978516e+01 1.598169994354248047e+01 1.498130035400390625e+01 0.000000000000000000e+00
9.830340576171875000e+01 2.056940269470214844e+01 -1.441999971866607666e-01 -8.489999771118164062e-01 -1.139999985694885254e+00 1.858559989929199219e+01 1.899990081787109375e+01 1.793309974670410156e+01 0.000000000000000000e+00
9.830832672119140625e+01 2.054658699035644531e+01 1.520999968051910400e-01 3.599999845027923584e-02 -1.348999977111816406e+00 1.622620010375976562e+01 1.663339996337890625e+01 1.564130020141601562e+01 0.000000000000000000e+00
9.829497528076171875e+01 2.055910682678222656e+01 3.559999912977218628e-02 3.589999973773956299e-01 -1.016999959945678711e+00 1.702930068969726562e+01 1.735020065307617188e+01 1.653359985351562500e+01 0.000000000000000000e+00
9.830751800537109375e+01 2.056182670593261719e+01 -9.059999883174896240e-02 -4.810000061988830566e-01 -1.532999992370605469e+00 1.799589920043945312e+01 1.838509941101074219e+01 1.738170051574707031e+01 0.000000000000000000e+00
9.831681060791015625e+01 2.057714080810546875e+01 6.310000270605087280e-02 -6.499999761581420898e-01 -1.651999950408935547e+00 1.869779968261718750e+01 1.918470001220703125e+01 1.806489944458007812e+01 0.000000000000000000e+00
9.832524871826171875e+01 2.060055923461914062e+01 -4.520000144839286804e-02 5.000000074505805969e-02 -1.253999948501586914e+00 1.645779991149902344e+01 1.687269973754882812e+01 1.588290023803710938e+01 0.000000000000000000e+00
9.833082580566406250e+01 2.058256721496582031e+01 3.248000144958496094e-01 3.160000145435333252e-01 -1.169000029563903809e+00 1.670619964599609375e+01 1.713859939575195312e+01 1.610910034179687500e+01 0.000000000000000000e+00
9.831202697753906250e+01 2.057817459106445312e+01 1.251000016927719116e-01 -9.399999678134918213e-02 -1.304999947547912598e+00 1.499829959869384766e+01 1.571100044250488281e+01 1.418470001220703125e+01 0.000000000000000000e+00
9.831835937500000000e+01 2.057396507263183594e+01 2.138999998569488525e-01 -1.439999938011169434e-01 -1.434999942779541016e+00 1.592490005493164062e+01 1.626790046691894531e+01 1.539000034332275391e+01 0.000000000000000000e+00
9.828132629394531250e+01 2.056660842895507812e+01 4.320000112056732178e-02 -4.469999969005584717e-01 -1.230999946594238281e+00 1.726379966735839844e+01 1.764590072631835938e+01 1.669849967956542969e+01 0.000000000000000000e+00
9.826797485351562500e+01 2.058276939392089844e+01 6.369999796152114868e-02 -3.700000047683715820e-02 -1.562000036239624023e+00 1.722719955444335938e+01 1.758919906616210938e+01 1.667889976501464844e+01 0.000000000000000000e+00
9.826522064208984375e+01 2.058585548400878906e+01 -1.799999922513961792e-02 -8.080000281333923340e-01 -1.050999999046325684e+00 1.947940063476562500e+01 1.947419929504394531e+01 1.842580032348632812e+01 0.000000000000000000e+00
9.830228424072265625e+01 2.059700012207031250e+01 -4.010000079870223999e-02 -1.570000052452087402e-01 -1.664999961853027344e+00 1.995159912109375000e+01 2.040859985351562500e+01 1.909900093078613281e+01 0.000000000000000000e+00
9.831709289550781250e+01 2.059418869018554688e+01 2.011999934911727905e-01 -5.999999865889549255e-02 -1.312999963760375977e+00 1.594359970092773438e+01 1.648360061645507812e+01 1.525759983062744141e+01 0.000000000000000000e+00
9.832959747314453125e+01 2.060428237915039062e+01 1.388999968767166138e-01 -1.969999969005584717e-01 -1.320999979972839355e+00 1.601140022277832031e+01 1.638500022888183594e+01 1.548449993133544922e+01 0.000000000000000000e+00
9.825497436523437500e+01 2.058331489562988281e+01 1.111000031232833862e-01 -5.720000267028808594e-01 -1.052000045776367188e+00 1.847010040283203125e+01 1.889399909973144531e+01 1.779780006408691406e+01 0.000000000000000000e+00
